data.head()
    Abra  Apayao  Benguet  Ifugao  Kalinga
0   1243    2934      148    3300    10553
1   4158    9235     4287    8063    35257
2   1787    1922     1955    1074     4544
3  17152   14501     3536   19607    31687
4   1266    2385     2530    3315     8520
data.tail()
     Abra  Apayao  Benguet  Ifugao  Kalinga
74   2505   20878     3519   19737    16513
75  60303   40065     7062   19422    61808
76   6311    6756     3561   15910    23349
77  13345   38902     2583   11096    68663
78   2623   18264     3745   16787    16900
data.columns
Index([u'Abra', u'Apayao', u'Benguet', u'Ifugao', u'Kalinga'], dtype='object')
data.index
RangeIndex(start=0, stop=79, step=1)
data.T.head()
          0     2     4     6     8     10
Abra    1243  1787  1266   927  1039   981
Apayao  2934  1922  2385  1099  1382  1311
[1:10:2,0:2]
    Abra  Apayao
0   1243    2934
2   1787    1922
4   1266    2385
6    927    1099
8   1039    1382
10   981    1311
data.column[[1,2]]
Index([u'Apayao', u'Benguet'], dtype='object')
    Abra  Benguet  Ifugao  Kalinga
0   1243      148    3300    10553
1   4158     4287    8063    35257
2   1787     1955    1074     4544
3  17152     3536   19607    31687
4   1266     2530    3315     8520
data.describe()
               Abra        Apayao      Benguet        Ifugao       Kalinga
count     79.000000     79.000000    79.000000     79.000000     79.000000
mean   12874.379747  16860.645570  3237.392405  12414.620253  30446.417722
std    16746.466945  15448.153794  1588.536429   5034.282019  22245.707692
min      927.000000    401.000000   148.000000   1074.000000   2346.000000
25%     1524.000000   3435.500000  2328.000000   8205.000000   8601.500000
50%     5790.000000  10588.000000  3202.000000  13044.000000  24494.000000
75%    13330.500000  33289.000000  3918.500000  16099.500000  52510.500000
max    60303.000000  54625.000000  8813.000000  21031.000000  68663.000000
